-0.03
-0.035
-0.045
-0.05
-0.06
-0.065
-0.075
-0.08
-0.085
-0.09
-0.095
-0.095
-0.095
-0.095
-0.095
-0.095
-0.09
-0.085
-0.085
-0.085
-0.09
-0.095
-0.1
-0.105
-0.11
-0.115
-0.115
-0.115
-0.12
-0.125
-0.14
-0.16
-0.185
-0.21
-0.235
-0.25
-0.25
-0.225
-0.18
-0.115
-0.025
0.08
0.2
0.33
0.47
0.615
0.77
0.93
1.09
1.24
1.365
1.45
1.485
1.455
1.36
1.205
0.995
0.755
0.51
0.28
0.085
-0.055
-0.145
-0.185
-0.19
-0.17
-0.14
-0.115
-0.1
-0.095
-0.095
-0.105
-0.11
-0.11
-0.105
-0.095
-0.085
-0.08
-0.075
-0.075
-0.08
-0.085
-0.09
-0.09
-0.085
-0.075
-0.065
-0.05
-0.04
-0.035
-0.035
-0.04
-0.05
-0.06
-0.065
-0.065
-0.065
-0.055
-0.045
-0.035
-0.025
-0.015
-0.015
-0.015
-0.02
-0.03
-0.04
-0.045
-0.045
-0.045
-0.04
-0.03
-0.02
-0.01
0.0
0.01
0.02
0.025
0.03
0.03
0.035
0.04
0.045
0.05
0.06
0.065
0.075
0.08
0.09
0.095
0.1
0.11
0.115
0.125
0.13
0.14
0.15
0.155
0.165
0.175
0.185
0.19
0.195
0.2
0.205
0.21
0.21
0.215
0.22
0.23
0.24
0.25
0.26
0.27
0.275
0.28
0.28
0.28
0.27
0.265
0.255
0.245
0.235
0.225
0.22
0.21
0.205
0.195
0.185
0.175
0.16
0.145
0.13
0.115
0.095
0.075
0.06
0.04
0.025
0.015
0.005
0.0
0.0
0.0
0.005
0.0
-0.005
-0.015
-0.025
-0.045
-0.06
-0.075
-0.085
-0.085
-0.085
-0.08
-0.07
-0.065
-0.06
-0.06
-0.06
-0.07
-0.075
-0.08
-0.085
-0.085
-0.08
-0.075
-0.07
-0.065
-0.065
-0.065
-0.07
-0.07
-0.075
-0.08
-0.08
-0.08
-0.075
-0.075
-0.07
-0.07
-0.065
-0.065
-0.065
-0.07
-0.07
-0.07
-0.07
-0.07
-0.07
-0.065
-0.065
-0.065
-0.06
-0.06
-0.06
-0.065
-0.07
-0.075
-0.08
-0.085
-0.085
-0.085
-0.08
-0.07
-0.06
-0.05
-0.045
-0.04
-0.04
-0.045
-0.055
-0.065
-0.08
-0.09
-0.095
-0.1
-0.1
-0.1
-0.1
-0.095
-0.09
-0.085
-0.08
-0.075
-0.065
-0.06
-0.055
-0.055
-0.06
-0.065
-0.075
-0.085
-0.095
-0.1
-0.095
-0.09
-0.08
-0.065
-0.05
-0.04
-0.035
-0.035
-0.045
-0.055
-0.07
-0.08
-0.09
-0.095
-0.09
-0.085
-0.08
-0.07
-0.065
-0.06
-0.06
-0.065
-0.07
-0.075
-0.08
-0.09
-0.095
-0.105
-0.105
-0.11
-0.11
-0.105
-0.1
-0.095
-0.085
-0.075
-0.065
-0.06
-0.06
-0.065
-0.07
-0.08
-0.09
-0.1
-0.105
-0.105
-0.1
-0.095
-0.09
-0.08
-0.075
-0.075
-0.075
-0.08
-0.085
-0.09
-0.095
-0.095
-0.095
-0.095
-0.09
-0.085
-0.085
-0.08
-0.08
-0.08
-0.08
-0.08
-0.08
-0.08
-0.08
-0.08
-0.08
-0.085
-0.09
-0.095
-0.095
-0.1
-0.1
-0.095
-0.09
-0.085
-0.08
-0.075
-0.075
-0.075
-0.08
-0.085
-0.09
-0.09
-0.09
-0.09
-0.09
-0.09
-0.085
-0.085
-0.09
-0.09
-0.095
-0.1
-0.1
-0.1
-0.1
-0.095
-0.09
-0.09
-0.085
-0.08
-0.08
-0.075
-0.075
-0.07
-0.07
-0.07
-0.07
-0.075
-0.075
-0.08
-0.08
-0.085
-0.085
-0.08
-0.08
-0.075